0 0.29698335644937585 0.19902912621359226 0.03848821081830788 0.059639389736477144
0 0.34431345353675447 0.22122052704576978 0.03744798890429962 0.059639389736477144
0 0.5180305131761442 0.2579750346740638 0.04160887656033289 0.0554785020804438
1 0.7578016643550625 0.31900138696255204 0.06137309292649093 0.05547850208044387
2 0.2249265653004369 0.5239509238247283 0.035367545076282945 0.9015256588072128
1 0.8551446333709989 0.4945085977301567 0.03337487219379171 0.9808811805253569
1 0.28346047156726767 0.9070735090152566 0.07593619972260743 0.18585298196948685
1 0.15499306518723993 0.6456310679611651 0.049930651872399444 0.03190013869625524
1 0.14563106796116504 0.7080443828016644 0.05201109570041609 0.05409153952843269
1 0.15915395284327322 0.8183079056865463 0.03328710124826632 0.0554785020804438
