0 0.29178224687933424 0.17545076282940358 0.03016643550624135 0.04854368932038835
0 0.3219486823855756 0.18793342579750344 0.02184466019417478 0.04576976421636612
0 0.43533287101248264 0.21705963938973646 0.023925104022191376 0.04576976421636619
1 0.27565880721220526 0.6969486823855756 0.03952843273231622 0.19556171983356457
2 0.24133148404993066 0.5284327323162274 0.03952843273231625 0.9015256588072122
1 0.09071310450611725 0.6439236528141441 0.02288488210818305 0.6643550624133154
1 0.05721220527045769 0.4098474341192788 0.03120665742024965 0.042995839112344
1 0.05409153952843273 0.4625520110957004 0.033287101248266296 0.04022191400832178
1 0.05617198335644938 0.5492371705963939 0.035367545076282945 0.06657420249653256
2 0.6152912621359223 0.4528432732316227 0.04056865464632459 0.9056865464632454
2 0.5263522884882108 0.7281553398058253 0.024965325936199677 0.28571428571428575
1 0.5284327323162274 0.5686546463245492 0.01664355062413314 0.02219140083217752
1 0.7089112343966713 0.5270457697642164 0.02392510402219145 0.0277392510402219
1 0.701629680998613 0.5943134535367545 0.02392510402219145 0.031900138696255166
1 0.5419556171983356 0.6317614424410541 0.04368932038834949 0.012482662968099873
2 0.7427184466019418 0.6865464632454923 0.03536754507628302 0.3606102635228848
